11
7
4
8
5
8
14
6
31
7
7
19
5
6
7
5
14
25
2
4
11
22
8
10
11
16
17
12
7
4
25
2
14
13
25
13
8
17
24
6
19
33
7
18
12
7
3
25
15
38
28
22
5
22
6
10
14
23
40
18
15
41
30
23
17
28
33
26
17
14
15
35
50
36
50
35
45
66
38
23
19
4
39
27
12
22
32
27
36
21
27
56
43
37
39
31
38
32
34
20
30
42
31
27
26
42
59
37
50
51
12
53
24
61
30
58
62
22
52
64
55
60
39
58
30
23
53
78
64
17
75
40
18
64
79
69
49
42
43
62
3
48
83
45
6
83
57
4
81
59
51
68
74
76
43
64
89
94
49
20
74
56
54
67
83
56
70
45
76
29
46
80
48
67
30
41
79
70
69
133
56
56
71
64
15
80
96
60
100
14
44
77
15
109
62
70
56
61
60
29
72
78
62
84
45
67
38
110
41
57
52
96
58
88
4
65
76
73
64
7
64
56
23
43
78
64
67
74
40
36
84
29
53
72
17
63
70
31
57
44
34
97
21
42
83
4
73
67
42
26
32
37
44
11
50
34
69
47
44
46
13
77
74
42
5
88
57
43
47
46
44
53
38
44
37
10
21
26
16
7
38
33
38
34
22
12
33
26
44
27
53
20
29
18
34
10
4
23
14
34
10
10
14
16
10
18
12
36
20
3
12
18
9
6
26
13
16
10
7
6
20
13
6
38
18
7
6
5
13
19
24
6
18
2
10
12
11
5
4
26
2
14
31
28
5
3
4
4
10
3
2
3
29
15
4
5
7
1
41
3
3
6
12
10
14
5
4
9
9
1
29
6
4
1
13
2
2
26
6
2
18
11
9
7
31
18
30
2
8
15
26
6
16
13
10
4
21
11
5
4
18
21
24
4
5
12
18
10
9
33
22
63
25
19
20
15
21
25
15
23
16
19
18
22
23
27
19
47
15
5
17
23
5
43
19
51
27
5
48
14
15
46
38
13
19
19
37
43
40
49
18
38
46
31
41
16
23
26
40
45
25
26
31
28
46
45
43
26
50
26
64
33
53
38
36
40
36
64
43
43
57
37
30
38
79
43
42
43
22
49
42
59
43
48
55
4
32
32
92
51
39
24
71
16
38
59
55
20
75
28
27
27
32
58
78
36
97
17
53
43
59
28
21
72
57
53
52
64
66
62
66
84
88
37
71
89
83
48
86
16
72
107
42
76
44
37
63
50
98
89
92
51
41
95
14
61
47
73
64
45
61
74
15
59
52
71
44
6
48
76
20
41
49
72
81
101
49
35
96
77
57
81
22
52
73
3
93
33
42
59
75
34
41
64
57
91
74
42
30
35
43
55
53
64
56
75
75
30
60
71
60
50
38
67
45
48
71
68
22
36
41
36
58
15
29
29
42
59
85
6
47
39
49
54
25
30
31
36
48
5
50
21
22
49
18
33
28
35
18
33
26
34
34
30
26
65
16
6
17
14
54
17
33
9
15
21
16
24
19
10
26
34
10
14
16
26
21
29
7
13
40
4
22
9
11
29
13
56
12
19
12
26
11
21
9
11
6
8
10
12
3
38
11
13
2
23
9
5
10
9
10
11
9
5
6
27
3
1
4
27
2
13
1
27
3
17
2
8
4
10
